{
 "cells": [
  {
   "cell_type": "code",
   "execution_count": 4,
   "id": "89fc1c25-3e08-4578-93f7-b259036bad4b",
   "metadata": {},
   "outputs": [],
   "source": [
    "import numpy as np"
   ]
  },
  {
   "cell_type": "code",
   "execution_count": 5,
   "id": "3a41b57f-6721-4d15-97e9-94305e0c14d7",
   "metadata": {},
   "outputs": [
    {
     "name": "stdout",
     "output_type": "stream",
     "text": [
      "[[52 55 61 59]\n",
      " [49 50 60 58]\n",
      " [48 52 62 60]\n",
      " [47 49 59 57]]\n"
     ]
    }
   ],
   "source": [
    "A = np.array( [ \n",
    "[52, 55, 61, 59], \n",
    "[49, 50, 60, 58], \n",
    "[48, 52, 62, 60], \n",
    "[47, 49, 59, 57] \n",
    "])\n",
    "\n",
    "print(A)"
   ]
  },
  {
   "cell_type": "code",
   "execution_count": 6,
   "id": "59fd148b-341f-44a1-bd5f-65d2a1afc55e",
   "metadata": {},
   "outputs": [
    {
     "name": "stdout",
     "output_type": "stream",
     "text": [
      "[[52 49 48 47]\n",
      " [55 50 52 49]\n",
      " [61 60 62 59]\n",
      " [59 58 60 57]]\n"
     ]
    }
   ],
   "source": [
    "#Transpose\n",
    "transpose = np.array(A.T)\n",
    "\n",
    "print(transpose)"
   ]
  },
  {
   "cell_type": "code",
   "execution_count": 7,
   "id": "fe34aaaa-f122-4cff-bb7f-de62b6732c9f",
   "metadata": {},
   "outputs": [
    {
     "name": "stdout",
     "output_type": "stream",
     "text": [
      "40.00000000000051\n"
     ]
    }
   ],
   "source": [
    "#Determinant\n",
    "determinant = np.linalg.det(A)\n",
    "\n",
    "print(determinant)"
   ]
  },
  {
   "cell_type": "code",
   "execution_count": 8,
   "id": "53a8bfef-dea7-4324-8704-3cd8f03976ba",
   "metadata": {},
   "outputs": [
    {
     "name": "stdout",
     "output_type": "stream",
     "text": [
      "4\n"
     ]
    }
   ],
   "source": [
    "#Rank\n",
    "rank = np.linalg.matrix_rank(A)\n",
    "\n",
    "print(rank)"
   ]
  },
  {
   "cell_type": "code",
   "execution_count": 9,
   "id": "234ab583-f315-40af-8c72-b8f73f57269e",
   "metadata": {},
   "outputs": [
    {
     "name": "stdout",
     "output_type": "stream",
     "text": [
      "[[-0.51578198 -0.82961673  0.20734409  0.05209091]\n",
      " [-0.49421532  0.10212857 -0.69061026 -0.51805254]\n",
      " [-0.50624167  0.460644    0.66104796 -0.30747693]\n",
      " [-0.48315581  0.29851791 -0.20756078  0.79647099]] \n",
      " [2.20391444e+02 3.64333188e+00 1.52854497e+00 3.25902960e-02] \n",
      " [[-0.44486816 -0.46770408 -0.54906304 -0.53091901]\n",
      " [-0.54744276 -0.53292576  0.46484349  0.44745624]\n",
      " [-0.70855922  0.70487142 -0.03253984  0.006424  ]\n",
      " [-0.01850883  0.01998267  0.6938238  -0.71962952]]\n",
      "\n",
      "Singular Values\n",
      " SVDResult(U=array([[-0.51578198, -0.82961673,  0.20734409,  0.05209091],\n",
      "       [-0.49421532,  0.10212857, -0.69061026, -0.51805254],\n",
      "       [-0.50624167,  0.460644  ,  0.66104796, -0.30747693],\n",
      "       [-0.48315581,  0.29851791, -0.20756078,  0.79647099]]), S=array([2.20391444e+02, 3.64333188e+00, 1.52854497e+00, 3.25902960e-02]), Vh=array([[-0.44486816, -0.46770408, -0.54906304, -0.53091901],\n",
      "       [-0.54744276, -0.53292576,  0.46484349,  0.44745624],\n",
      "       [-0.70855922,  0.70487142, -0.03253984,  0.006424  ],\n",
      "       [-0.01850883,  0.01998267,  0.6938238 , -0.71962952]]))\n"
     ]
    }
   ],
   "source": [
    "#Singular Value Decomposition\n",
    "U, S, Vt = np.linalg.svd(A)\n",
    "print(U,\"\\n\", S,\"\\n\", Vt)\n",
    "\n",
    "print()\n",
    "\n",
    "#Extract singular values\n",
    "singular_values = np.linalg.svd(A)\n",
    "print(\"Singular Values\\n\", singular_values)\n"
   ]
  },
  {
   "cell_type": "code",
   "execution_count": 29,
   "id": "0149bdb1-c9a5-4e6c-aaf5-5b8c65a23694",
   "metadata": {},
   "outputs": [
    {
     "name": "stdout",
     "output_type": "stream",
     "text": [
      "[2.20391444e+02 3.64333188e+00 1.52854497e+00 3.25902960e-02]\n",
      "\n",
      "(array([-116.37787219, -109.6212527 , -108.89263297, -105.68711514]), array([[ 0.85281926,  0.05969018, -0.32364635,  0.40544967],\n",
      "       [ 0.19763517,  0.87664734,  0.34818337, -0.26682976],\n",
      "       [-0.04772382, -0.06705614,  0.72221454,  0.68675474],\n",
      "       [-0.48100113,  0.47268382, -0.50242168,  0.54109184]]))\n"
     ]
    }
   ],
   "source": [
    "U, S, V = np.linalg.svd(A)\n",
    "singular_values = np.linalg.svd(A)[1]\n",
    "print(singular_values)\n",
    "\n",
    "print()\n",
    "top_k_singular_values = singular_values[:k]\n",
    "reconstructed_matrix = U @ S, V @ V\n",
    "print(reconstructed_matrix)"
   ]
  },
  {
   "cell_type": "code",
   "execution_count": 30,
   "id": "6d6169ef-f9dd-4c52-9f82-37d824b733b2",
   "metadata": {},
   "outputs": [
    {
     "ename": "ValueError",
     "evalue": "setting an array element with a sequence. The requested array has an inhomogeneous shape after 2 dimensions. The detected shape was (2, 4) + inhomogeneous part.",
     "output_type": "error",
     "traceback": [
      "\u001b[31m---------------------------------------------------------------------------\u001b[39m",
      "\u001b[31mValueError\u001b[39m                                Traceback (most recent call last)",
      "\u001b[36mCell\u001b[39m\u001b[36m \u001b[39m\u001b[32mIn[30]\u001b[39m\u001b[32m, line 1\u001b[39m\n\u001b[32m----> \u001b[39m\u001b[32m1\u001b[39m mse = np.mean((\u001b[43mA\u001b[49m\u001b[43m \u001b[49m\u001b[43m-\u001b[49m\u001b[43m \u001b[49m\u001b[43mreconstructed_matrix\u001b[49m)**\u001b[32m2\u001b[39m)\n\u001b[32m      2\u001b[39m original_matrix = np.array([[\u001b[32m52\u001b[39m, \u001b[32m55\u001b[39m, \u001b[32m61\u001b[39m, \u001b[32m59\u001b[39m],\n\u001b[32m      3\u001b[39m                             [\u001b[32m49\u001b[39m, \u001b[32m50\u001b[39m, \u001b[32m60\u001b[39m, \u001b[32m58\u001b[39m],\n\u001b[32m      4\u001b[39m                             [\u001b[32m48\u001b[39m, \u001b[32m52\u001b[39m, \u001b[32m62\u001b[39m, \u001b[32m60\u001b[39m],\n\u001b[32m      5\u001b[39m                             [\u001b[32m47\u001b[39m, \u001b[32m49\u001b[39m, \u001b[32m59\u001b[39m, \u001b[32m57\u001b[39m]])\n\u001b[32m      6\u001b[39m compressed_matrix = U @ S, V @ V\n",
      "\u001b[31mValueError\u001b[39m: setting an array element with a sequence. The requested array has an inhomogeneous shape after 2 dimensions. The detected shape was (2, 4) + inhomogeneous part."
     ]
    }
   ],
   "source": [
    "mse = np.mean((A - reconstructed_matrix)**2)\n",
    "original_matrix = np.array([[52, 55, 61, 59],\n",
    "                            [49, 50, 60, 58],\n",
    "                            [48, 52, 62, 60],\n",
    "                            [47, 49, 59, 57]])\n",
    "compressed_matrix = U @ S, V @ V"
   ]
  },
  {
   "cell_type": "code",
   "execution_count": null,
   "id": "ab3e1664-376b-4b46-8c8d-4ef8a4a92879",
   "metadata": {},
   "outputs": [],
   "source": []
  }
 ],
 "metadata": {
  "kernelspec": {
   "display_name": "Python 3 (ipykernel)",
   "language": "python",
   "name": "python3"
  },
  "language_info": {
   "codemirror_mode": {
    "name": "ipython",
    "version": 3
   },
   "file_extension": ".py",
   "mimetype": "text/x-python",
   "name": "python",
   "nbconvert_exporter": "python",
   "pygments_lexer": "ipython3",
   "version": "3.13.9"
  }
 },
 "nbformat": 4,
 "nbformat_minor": 5
}
